#"Progress (%)"	"Step"	"Potential Energy (kJ/mole)"	"Temperature (K)"	"Speed (ns/day)"
0.2%	10000	-235210.6235936943	297.4335630632044	0
0.4%	20000	-236046.01586664352	302.3755930922653	647
0.6%	30000	-235353.9624608818	300.4621489084586	639
0.8%	40000	-235639.56670892867	301.5207281916659	637
1.0%	50000	-235730.42219293746	302.1159323828449	636
1.2%	60000	-235353.115910894	304.6234937231444	634
1.4%	70000	-234613.86500299606	303.6211226007208	635
1.6%	80000	-235466.13032282027	296.2284951564851	633
1.8%	90000	-234754.15893304977	302.22649144512127	634
2.0%	100000	-234971.44421137008	303.3282636434212	635
2.2%	110000	-235621.28197992477	299.26266638624134	635
2.4%	120000	-234481.14040887984	296.4747677186835	636
2.6%	130000	-235246.3935369316	297.58545352382566	636
2.8%	140000	-234253.20908868941	297.51705079578585	635
3.0%	150000	-235487.71600092086	301.46471312999495	635
3.2%	160000	-235403.60296381149	302.44128257649913	634
3.4%	170000	-235013.92721307906	303.61154368169406	634
3.6%	180000	-234985.47706354293	302.4839777280445	634
3.8%	190000	-234881.74444330367	301.3222508599366	634
4.0%	200000	-235812.20132196578	302.73528394967326	634
4.2%	210000	-235187.505994207	302.94309781992666	634
4.4%	220000	-235153.9539464775	298.5023083001433	634
4.6%	230000	-234344.66036737594	299.63812175979575	634
4.8%	240000	-235864.83671320113	298.8084075437031	634
5.0%	250000	-235384.24575555953	302.61231251654016	633
5.2%	260000	-235495.68462885055	295.3432701180362	633
5.4%	270000	-235635.3618902031	302.3966834199457	632
5.6%	280000	-235408.9561742607	297.5044522096233	632
5.8%	290000	-234173.58227289352	303.1828260098371	632
6.0%	300000	-235232.84814203414	304.9611794877783	631
6.2%	310000	-234867.8364690605	298.3032722840326	632
6.4%	320000	-234943.65745294723	299.55416207178513	632
6.6%	330000	-235871.57555902633	302.98998072598516	632
6.8%	340000	-235780.22308099899	298.0733936173345	632
7.0%	350000	-235146.89123285445	302.77239579734686	631
7.2%	360000	-234903.34829462203	301.3284822741104	632
7.4%	370000	-235571.6435216728	298.5496917877947	631
7.6%	380000	-235013.93615472945	301.73018181412465	631
7.8%	390000	-235178.9800390068	301.9641590927767	631
8.0%	400000	-235570.5242589775	304.06298626761213	631
8.2%	410000	-234936.94276178512	298.76649747882453	631
8.4%	420000	-235482.3251775566	300.3407838552749	631
8.6%	430000	-235136.83176935348	298.62258593202347	630
8.8%	440000	-235241.3406804863	300.44844742655465	630
9.0%	450000	-235011.45751703414	299.1176835095266	630
9.2%	460000	-234773.38607538375	300.8128920363555	630
9.4%	470000	-235044.59423578414	300.4110829455621	630
9.6%	480000	-235485.70080316695	300.63437302600346	630
9.8%	490000	-234986.73399866256	301.89020089236783	630
10.0%	500000	-235380.4988530937	300.0171007361849	630
10.2%	510000	-234991.48147333297	300.7833494312593	629
10.4%	520000	-234832.74184930953	301.59081274594723	629
10.6%	530000	-235619.97366083297	298.1890243487278	628
10.8%	540000	-235472.70820367965	303.0774501030245	628
11.0%	550000	-235494.65853632125	297.9982025393782	628
11.2%	560000	-234752.5263646904	302.74801196542467	627
11.4%	570000	-235207.85473383102	298.11362593324304	627
11.6%	580000	-235319.00495660934	300.5453610729877	627
11.8%	590000	-235202.76751459274	300.4850024624391	627
12.0%	600000	-235344.12814844283	301.0193394171224	627
12.2%	610000	-235430.1065648857	300.3809048510753	627
12.4%	620000	-235933.89349115524	300.2731981943051	627
12.6%	630000	-235419.27094782027	304.87753925303804	627
12.8%	640000	-235127.9532445732	303.9377344198689	627
13.0%	650000	-234717.95233667525	300.22198656918863	627
13.2%	660000	-234766.68503320846	300.62315205237894	627
13.4%	670000	-234827.89053095016	301.45104725471157	627
13.6%	680000	-234940.85455072555	301.66918355413793	627
13.8%	690000	-235360.85355890426	296.9146808264698	627
14.0%	700000	-235654.12607324752	302.0067190210435	627
14.2%	710000	-235548.46278131637	301.1681731370997	627
14.4%	720000	-235303.67997491988	301.1682078490482	627
14.6%	730000	-235456.5913823906	300.5208537294924	626
14.8%	740000	-235873.47735345992	296.9950465265136	626
15.0%	750000	-235159.78841913375	300.4376438175799	626
15.2%	760000	-235650.74319208297	301.642910033687	626
15.4%	770000	-235323.45922601852	299.8128921992549	626
15.6%	780000	-235920.48470819625	304.3024828527999	626
15.8%	790000	-235223.21526849899	304.4362842948241	627
16.0%	800000	-235718.94051874313	301.0389451067063	627
16.2%	810000	-234878.09259546432	300.4550017905114	626
16.4%	820000	-233874.9967626396	300.7111053680962	626
16.6%	830000	-235853.99444330367	296.5491594684591	626
16.8%	840000	-235142.22108209762	296.5362683652806	626
17.0%	850000	-235155.69183099899	303.7959005537186	626
17.2%	860000	-235319.36510980758	297.50729604835396	626
17.4%	870000	-234975.22060907516	301.0149929680985	626
17.6%	880000	-235343.47451532516	298.542708336209	626
17.8%	890000	-235084.5249608818	300.05503298909355	626
18.0%	900000	-235305.07992304	300.99343650311823	627
18.2%	910000	-234375.1378377739	304.20949490540147	627
18.4%	920000	-234836.69505823287	304.61805240878704	627
18.6%	930000	-234959.22146356734	299.67426947240307	627
18.8%	940000	-234417.62727869186	301.87602495529876	627
19.0%	950000	-234898.65549982223	298.55768931403986	627
19.2%	960000	-235323.05833948287	297.49577528764894	627
19.4%	970000	-234792.10638178024	301.53033413859436	627
19.6%	980000	-235478.59783685836	300.48567569813656	627
19.8%	990000	-235263.21319330367	297.6419298910339	627
20.0%	1000000	-235250.9218419853	306.25107910784834	627
20.2%	1010000	-234358.91451776656	302.4318446988928	627
20.4%	1020000	-234667.4596685234	300.41301076544494	627
20.6%	1030000	-235779.9226964775	298.758800556716	627
20.8%	1040000	-235310.9691594902	299.0151622841785	627
21.0%	1050000	-235586.28049982223	300.21461017726904	627
21.2%	1060000	-235439.25591791305	300.5078880680485	627
21.4%	1070000	-235854.1592992607	302.7985846707894	627
21.6%	1080000	-235047.8311895195	305.14839568831616	627
21.8%	1090000	-234774.64984644088	300.35305920068015	627
22.0%	1100000	-234787.8999608818	298.3153042551011	627
22.2%	1110000	-234957.08764398727	304.28057279461945	627
22.4%	1120000	-235318.97271478805	300.97060434088576	627
22.6%	1130000	-235512.96447504195	299.6857847258134	627
22.8%	1140000	-235259.23486078414	300.8990344467368	627
23.0%	1150000	-235729.62395990524	299.79272590355674	627
23.2%	1160000	-235606.12966669234	299.574710704381	627
23.4%	1170000	-235367.05950678024	302.1288469248506	627
23.6%	1180000	-235113.51830042037	300.15615074094325	627
23.8%	1190000	-235488.28873956832	300.37163347863503	627
24.0%	1200000	-234168.5034765068	299.3154332450624	627
24.2%	1210000	-235784.63137567672	302.85161233820924	627
24.4%	1220000	-235796.59599054488	306.134594093411	627
24.6%	1230000	-235741.0423864189	302.9223503539327	627
24.8%	1240000	-235124.31944025191	298.936102083309	627
25.0%	1250000	-234958.76284540328	301.56866110967894	627
25.2%	1260000	-235049.4016393486	299.05887902376963	627
25.4%	1270000	-234843.19637811813	301.64860019487065	627
25.6%	1280000	-235433.09167230758	302.70172640899233	627
25.8%	1290000	-235151.28161371383	296.60383102165264	627
26.0%	1300000	-235778.38311517867	302.21692403942103	627
26.2%	1310000	-235677.66203058395	298.50098640559264	627
26.4%	1320000	-235656.22282159957	303.4628667740337	627
26.6%	1330000	-234398.06538141402	302.25038499168653	627
26.8%	1340000	-235188.7424367729	301.28545331918923	627
27.0%	1350000	-235603.83588922652	300.4990881033541	627
27.2%	1360000	-235241.6453603569	302.0231865367062	627
27.4%	1370000	-235080.13986719283	300.2988234354796	627
27.6%	1380000	-235003.34328973922	301.2506935854841	627
27.8%	1390000	-234497.0449041191	301.9556647690829	627
28.0%	1400000	-234916.69280756149	302.46412855732865	627
28.2%	1410000	-235222.97088373336	305.429017042652	627
28.4%	1420000	-235536.00823724899	300.8808883234872	627
28.6%	1430000	-235307.83164728316	302.40916703740453	627
28.8%	1440000	-235443.24627435836	301.2327383592754	627
29.0%	1450000	-235180.8200124565	302.1068913490219	627
29.2%	1460000	-234699.96946466598	296.12083209530067	627
29.4%	1470000	-236001.80297601852	305.979227871804	627
29.6%	1480000	-236385.90932977828	299.45611667911385	627
29.8%	1490000	-235044.9948247734	298.877629663654	627
30.0%	1500000	-234870.30039728316	295.8670031978765	627
30.2%	1510000	-235972.13149774703	306.0252249177727	627
30.4%	1520000	-234797.1044591728	302.4425870569385	627
30.6%	1530000	-235355.89919794234	302.19673346583977	627
30.8%	1540000	-234845.88598383102	298.998622675545	628
31.0%	1550000	-235306.51551569137	303.33729264786234	628
31.2%	1560000	-235407.8342565361	303.55248416635754	628
31.4%	1570000	-234665.68547571334	299.68464751299115	628
31.6%	1580000	-235749.0689061943	303.3574183227335	628
31.8%	1590000	-235742.92541254195	297.27865432262575	628
32.0%	1600000	-235549.8421911064	297.7292015131238	628
32.2%	1610000	-235099.88625848922	304.37329306274995	628
32.4%	1620000	-235660.1736882988	299.388313378271	628
32.6%	1630000	-234922.3876622978	304.5993576430616	628
32.8%	1640000	-234915.6899999443	295.95140932236774	628
33.0%	1650000	-235362.4160131279	304.88334885679706	628
33.2%	1660000	-235175.8521093193	298.82101568324526	628
33.4%	1670000	-234990.44093073043	300.5742743847416	628
33.6%	1680000	-234733.47939813766	304.81157627703135	628
33.8%	1690000	-235205.57608926925	296.1641191496131	628
34.0%	1700000	-234623.5090459648	299.71636107548255	628
34.2%	1710000	-235302.7569631401	302.3817142225281	628
34.4%	1720000	-234638.6559728447	301.8015414333571	628
34.6%	1730000	-235602.6372808281	299.1620129852428	628
34.8%	1740000	-235698.34492242965	301.5358065591225	628
35.0%	1750000	-235601.48226679	302.95241114248006	628
35.2%	1760000	-234650.9521459404	298.8042254243215	628
35.4%	1770000	-234896.82388055953	301.11688357609927	628
35.6%	1780000	-235370.42037714156	302.6643948795568	628
35.8%	1790000	-235257.9533819023	298.0554409627565	628
36.0%	1800000	-235200.87936914596	305.1618788193877	628
36.2%	1810000	-235473.79521692428	302.6405575784252	628
36.4%	1820000	-234577.87502802047	296.4969128926233	628
36.6%	1830000	-235049.79214227828	300.4310683952855	628
36.8%	1840000	-235365.76232660445	303.0934958594621	628
37.0%	1850000	-235384.0296911064	300.31015488948253	628
37.2%	1860000	-235106.80710352096	296.4804656549566	628
37.4%	1870000	-235383.3179296318	300.87605968357803	628
37.6%	1880000	-234771.82925165328	299.2746821904131	628
37.8%	1890000	-235066.2202733818	302.70257551093584	628
38.0%	1900000	-235787.512559301	300.5631138327866	628
38.2%	1910000	-235093.42823541793	300.07071597357316	628
38.4%	1920000	-234726.5430883232	298.9061165395876	628
38.6%	1930000	-235690.23391473922	299.144186723669	628
38.8%	1940000	-235348.38686884078	300.53622005819295	629
39.0%	1950000	-235703.27575433883	299.06164353114184	629
39.2%	1960000	-235167.40002191695	301.931567778836	629
39.4%	1970000	-235420.82717645797	298.3736551965556	629
39.6%	1980000	-235418.14834345016	298.4657625653712	629
39.8%	1990000	-234829.840230352	298.4025951411668	629
40.0%	2000000	-234616.71923578414	302.2587380019126	629
40.2%	2010000	-233829.8465093437	304.04259496437265	629
40.4%	2020000	-235826.07800043258	301.1989865046964	629
40.6%	2030000	-236432.34145868453	299.6538878641154	629
40.8%	2040000	-235430.00900018844	299.7220552517864	629
41.0%	2050000	-235484.04787958297	303.50846840015333	629
41.2%	2060000	-234299.00101984176	297.80695996480256	629
41.4%	2070000	-234854.85213983688	299.8097302275563	629
41.6%	2080000	-235143.52390802535	298.9087793102385	629
41.8%	2090000	-235054.98975885543	300.49402420282195	629
42.0%	2100000	-235411.12015283736	302.7572210763245	629
42.2%	2110000	-235122.3373235527	302.5560082780555	629
42.4%	2120000	-235278.73483026656	299.693887197857	629
42.6%	2130000	-235583.36710870895	300.6653473915612	629
42.8%	2140000	-235730.80846918258	305.5778394429931	629
43.0%	2150000	-235218.43536890182	305.01305112223275	629
43.2%	2160000	-235512.7488530937	303.02746736155603	629
43.4%	2170000	-234641.36775720748	297.78711628457467	629
43.6%	2180000	-234762.36156976852	301.262668893878	629
43.8%	2190000	-235387.61352289352	302.32954767622334	629
44.0%	2200000	-235065.98348749313	301.29796305171226	629
44.2%	2210000	-234948.0026525322	304.0723410475823	629
44.4%	2220000	-235251.73515070113	300.84525347972146	629
44.6%	2230000	-234766.4793371025	297.68922999356437	629
44.8%	2240000	-235346.4983037773	299.12562161564557	629
45.0%	2250000	-234898.30688226852	301.070372494561	629
45.2%	2260000	-234600.93879449996	301.69654704114487	629
45.4%	2270000	-235726.0100377861	298.7969548622891	629
45.6%	2280000	-235428.7731298271	298.69004544555213	629
45.8%	2290000	-234656.41100824508	295.1187815380716	629
46.0%	2300000	-235463.89147699508	302.07706855487146	629
46.2%	2310000	-235754.62196100387	298.41381011556246	629
46.4%	2320000	-235267.50268304977	301.39367169742644	629
46.6%	2330000	-235543.85592401656	298.19924460591363	629
46.8%	2340000	-235349.54549921188	298.60203175698604	629
47.0%	2350000	-234521.57092035445	301.85529584610055	629
47.2%	2360000	-235384.58321893844	298.5182748141874	630
47.4%	2370000	-234903.47456873092	301.5562272622663	630
47.6%	2380000	-234649.16248834762	302.22731299747267	630
47.8%	2390000	-234783.34686029586	302.36908877640246	630
48.0%	2400000	-235464.04652155074	300.00402544276335	630
48.2%	2410000	-235243.10526788863	299.2284227178365	630
48.4%	2420000	-234931.65857065353	299.0651152993787	630
48.6%	2430000	-235124.88087213668	301.70533213014755	630
48.8%	2440000	-235311.2139867607	300.19242322747345	630
49.0%	2450000	-234885.31158197555	300.47249783021675	630
49.2%	2460000	-234733.86541498336	297.68501761648616	630
49.4%	2470000	-234219.7372716728	297.54519779962556	630
49.6%	2480000	-235304.0006688896	297.49160153349925	630
49.8%	2490000	-235398.24490106734	302.03473302023673	630
50.0%	2500000	-235319.58697260055	305.46640516553765	630
50.2%	2510000	-235596.4958013359	300.7702617968519	630
50.4%	2520000	-235350.9222921196	302.8351054261598	630
50.6%	2530000	-235353.46416986617	300.5048230186319	630
50.8%	2540000	-234936.54650629195	301.88584120649455	630
51.0%	2550000	-235321.4160131279	299.20847202744005	630
51.2%	2560000	-235679.07061517867	302.5359155716241	630
51.4%	2570000	-235142.72903192672	304.604146538807	630
51.6%	2580000	-235124.10410822066	299.96212301605374	630
51.8%	2590000	-234943.76904047164	302.79649703035756	630
52.0%	2600000	-234931.34115350875	302.6887748898157	630
52.2%	2610000	-235462.8557485405	302.36348076596727	630
52.4%	2620000	-236296.92305505904	302.5014983601451	630
52.6%	2630000	-234917.89373529586	302.7587833694584	630
52.8%	2640000	-235853.7067388359	301.31500601346085	630
53.0%	2650000	-235178.04116571578	302.62784215977996	630
53.2%	2660000	-235200.04805505904	304.06900806426074	630
53.4%	2670000	-235277.05541742477	301.3048230206659	630
53.6%	2680000	-235195.7896093193	302.97721647535644	630
53.8%	2690000	-235464.40504205856	298.45220473114364	630
54.0%	2700000	-235199.73513544234	302.75035511915684	630
54.2%	2710000	-234604.46446741256	305.09999890780125	630
54.4%	2720000	-235159.02493036422	300.4856755074844	630
54.6%	2730000	-235655.51446283492	300.10316688912667	630
54.8%	2740000	-235464.58129633102	303.0617988705339	630
55.0%	2750000	-235746.27367914352	305.15729875137254	630
55.2%	2760000	-235110.39820612106	298.42460443070934	630
55.4%	2770000	-234869.03558099899	299.0750960991833	630
55.6%	2780000	-234327.09306085738	303.7541824176635	630
55.8%	2790000	-235317.37508905563	300.4647354914877	630
56.0%	2800000	-235844.26711786422	297.0342484275864	630
56.2%	2810000	-235711.00219476852	301.2659120510352	630
56.4%	2820000	-235222.16692865524	302.9143604962942	630
56.6%	2830000	-234756.80180109176	305.59679708585645	630
56.8%	2840000	-235414.19845331344	300.78062160431733	630
57.0%	2850000	-234786.8401006523	305.37657230841586	630
57.2%	2860000	-235872.72372186813	297.2688161301072	630
57.4%	2870000	-235852.98174799117	300.1123922729819	630
57.6%	2880000	-234535.2229284111	299.41260217631236	630
57.8%	2890000	-235586.79929102096	302.00982258880754	630
58.0%	2900000	-234761.3271306816	304.95987638746647	630
58.2%	2910000	-235025.9796117607	303.70667461091284	630
58.4%	2920000	-235236.24056757125	296.62191412024475	630
58.6%	2930000	-234628.91471613082	297.63298118862116	630
58.8%	2940000	-234368.65144098434	301.1848787921492	631
59.0%	2950000	-235864.3321508232	298.2976215677475	631
59.2%	2960000	-234932.25791681441	299.135449415774	631
59.4%	2970000	-235038.17796075973	298.93925607076966	631
59.6%	2980000	-234829.3539251152	299.8543906105465	631
59.8%	2990000	-235609.17110956344	300.11497684090233	631
60.0%	3000000	-235684.8825200859	301.38747429677886	631
60.2%	3010000	-236100.08791864547	301.02390684593973	631
60.4%	3020000	-235031.0635961357	298.47215069606835	631
60.6%	3030000	-234367.62757623824	306.61628584580654	631
60.8%	3040000	-235519.68326318893	304.20425069609314	631
61.0%	3050000	-235322.29330194625	303.81578784842975	631
61.2%	3060000	-235419.24393976363	301.3382602745089	631
61.4%	3070000	-235230.1453527275	301.9576189594426	631
61.6%	3080000	-234750.29948175582	301.8293794904391	631
61.8%	3090000	-235573.64905298385	303.71400167873054	631
62.0%	3100000	-236135.3194555107	302.1312987069962	631
62.2%	3110000	-234773.31088007125	298.39677789547994	631
62.4%	3120000	-234812.56999719772	303.95042279239647	631
62.6%	3130000	-235873.41441858443	300.07798307842444	631
62.8%	3140000	-235194.3671697441	302.6817455648865	631
63.0%	3150000	-235230.62746942672	301.1505286174168	631
63.2%	3160000	-235079.85766351852	300.94635807623945	631
63.4%	3170000	-234884.05108392867	303.71111049822497	631
63.6%	3180000	-235802.22378290328	300.4793398017204	631
63.8%	3190000	-234751.24784601363	300.95646103327863	631
64.0%	3200000	-235550.32137811813	299.8765786447263	631
64.2%	3210000	-235335.01710260543	298.2543771105492	631
64.4%	3220000	-235890.2308782402	302.7306220836834	631
64.6%	3230000	-234297.15307367477	298.67001258466837	631
64.8%	3240000	-234836.0094579521	301.4124123263295	631
65.0%	3250000	-235096.91875970992	298.61707767150835	631
65.2%	3260000	-234234.45971429977	301.85755411251415	631
65.4%	3270000	-235778.9902318779	302.26595345639515	631
65.6%	3280000	-235609.55560053024	299.2007732805247	631
65.8%	3290000	-235205.03881586227	302.51783222876566	631
66.0%	3300000	-234849.90894830856	303.33987070531975	631
66.2%	3310000	-235277.20148981246	301.56745233522133	631
66.4%	3320000	-234707.06210077438	302.6577698384396	631
66.6%	3330000	-234774.27758539352	300.62027390481995	631
66.8%	3340000	-235421.80813348922	301.6785406317027	631
67.0%	3350000	-235090.07659662399	304.2930491564328	631
67.2%	3360000	-235913.42727411422	300.18673588426367	631
67.4%	3370000	-236743.2864049736	301.0740078821611	631
67.6%	3380000	-235616.08001459274	302.02279778186994	631
67.8%	3390000	-234956.6340612236	297.8917424253914	631
68.0%	3400000	-235324.73292291793	301.14681814543195	631
68.2%	3410000	-235467.5308278862	301.2458942933248	631
68.4%	3420000	-234910.87225092086	301.69837858380475	631
68.6%	3430000	-235268.95940912399	301.7054941900115	631
68.8%	3440000	-235463.03051508102	297.6770944320293	631
69.0%	3450000	-235117.25530756149	299.3216814013605	631
69.2%	3460000	-235055.55303705367	301.5604201629051	631
69.4%	3470000	-235885.57932794723	302.73248925215546	631
69.6%	3480000	-235517.7047933403	300.84159553506873	631
69.8%	3490000	-235013.2526220146	299.43691758373944	631
70.0%	3500000	-235700.08097589645	297.9756153818408	631
70.2%	3510000	-235965.67680109176	296.36847598425544	631
70.4%	3520000	-234897.2544454399	301.479094338812	631
70.6%	3530000	-235291.83179987106	299.78643726521994	631
70.8%	3540000	-235313.8343786064	301.2361227068548	631
71.0%	3550000	-234605.43438470992	301.9306089995486	631
71.2%	3560000	-235189.74935663375	302.57019740962517	631
71.4%	3570000	-236474.70165765914	302.24104167617253	631
71.6%	3580000	-235407.60159814986	301.9984184347108	631
71.8%	3590000	-235330.32772577438	304.6262385208372	631
72.0%	3600000	-234137.65760553512	302.5115067746004	631
72.2%	3610000	-234936.39640558395	306.67226729016517	631
72.4%	3620000	-234925.04791010055	302.81785923705735	631
72.6%	3630000	-235656.20193231734	296.98114471169873	631
72.8%	3640000	-235108.97662103805	303.56165994001617	631
73.0%	3650000	-235283.88859308395	301.6392977590518	631
73.2%	3660000	-235168.15368402633	298.6768996740087	631
73.4%	3670000	-235708.77502191695	301.39456980824144	631
73.6%	3680000	-235547.4539464775	300.3261038528263	631
73.8%	3690000	-234631.38091791305	298.33634901494577	631
74.0%	3700000	-235086.56255853805	299.50468128810263	631
74.2%	3710000	-234556.66216791305	300.62584890503103	631
74.4%	3720000	-235288.3452733818	296.42198122017726	631
74.6%	3730000	-234745.70928705367	298.40270171726013	631
74.8%	3740000	-234890.13801324996	302.69036996804533	631
75.0%	3750000	-235127.645497686	301.7940978071193	631
75.2%	3760000	-234489.5516179863	296.77154521712947	631
75.4%	3770000	-235392.437054998	295.63251576319954	631
75.6%	3780000	-235227.09948480758	304.8372734075055	631
75.8%	3790000	-235579.2979711357	302.9958424957721	631
76.0%	3800000	-234389.60903680953	299.89030257444705	631
76.2%	3810000	-235452.55531824264	298.57608298156117	631
76.4%	3820000	-234911.1680883232	299.84997979169634	631
76.6%	3830000	-235034.42425287399	303.7226939679727	631
76.8%	3840000	-234821.63369501266	297.77694637026934	631
77.0%	3850000	-235074.7843145195	301.01781865812364	631
77.2%	3860000	-235468.71975458297	301.73482354703634	631
77.4%	3870000	-235289.51041925582	301.9106009160544	631
77.6%	3880000	-235128.8526738945	299.94472885751156	631
77.8%	3890000	-234304.4316228691	301.9553148234081	631
78.0%	3900000	-234933.42760980758	302.1210825070076	631
78.2%	3910000	-234646.86544550094	302.69802732710343	632
78.4%	3920000	-235069.3395360771	300.67459341376167	632
78.6%	3930000	-234528.30294550094	302.1915350425726	632
78.8%	3940000	-234911.64779413375	300.63549041950597	632
79.0%	3950000	-234794.42832697066	300.6494859359043	632
79.2%	3960000	-234373.23389948043	303.4922673731588	632
79.4%	3970000	-235459.05824030074	298.74800937785477	632
79.6%	3980000	-234889.93597162399	301.6235652100266	632
79.8%	3990000	-234831.55419672164	304.64438308402714	632
80.0%	4000000	-235073.5136388603	301.29590467078566	632
80.2%	4010000	-234931.87935388717	305.5181858928565	632
80.4%	4020000	-235326.2391027275	301.96018794173483	632
80.6%	4030000	-236043.10857904586	297.8296940911095	632
80.8%	4040000	-235934.24395502242	297.6888167779256	632
81.0%	4050000	-234938.59521234664	303.45776301705894	632
81.2%	4060000	-235584.21821344527	298.6943702787951	632
81.4%	4070000	-235373.5511754814	305.2568802170109	632
81.6%	4080000	-235207.6726964775	303.07223081760037	632
81.8%	4090000	-235237.00643671188	302.1511308098615	632
82.0%	4100000	-235694.06803644332	299.0667772872809	632
82.2%	4110000	-234591.3014501396	298.44369156536106	632
82.4%	4120000	-235195.55122125777	300.9626590004064	632
82.6%	4130000	-235845.3346837822	301.2463225405367	632
82.8%	4140000	-235003.58569086227	299.9269917704851	632
83.0%	4150000	-235049.45815790328	304.09946598660196	632
83.2%	4160000	-234694.74303949508	300.7892615889816	632
83.4%	4170000	-235165.90896356734	301.15633771010147	632
83.6%	4180000	-234905.77700555953	301.22276245352737	632
83.8%	4190000	-234831.9980138603	302.50419433568953	632
84.0%	4200000	-235138.59090936813	303.02434919664955	632
84.2%	4210000	-234984.19337213668	301.01834340418134	632
84.4%	4220000	-235443.42272699508	298.52095664013814	632
84.6%	4230000	-235302.54800165328	299.6331055512358	632
84.8%	4240000	-235271.97607172164	296.65706777845173	632
85.0%	4250000	-235743.49966180953	297.2372078621938	632
85.2%	4260000	-235631.35116327438	305.69284986125194	632
85.4%	4270000	-235497.09893549117	300.44015231935913	632
85.6%	4280000	-235478.47997797164	304.2068044860384	632
85.8%	4290000	-235177.41985071334	301.2891117723021	632
86.0%	4300000	-236570.5170186821	299.18659345468586	632
86.2%	4310000	-235483.36086786422	298.9110827783232	632
86.4%	4320000	-234618.35528314742	304.1095094537371	632
86.6%	4330000	-234459.05686700973	301.8000093991471	632
86.8%	4340000	-235427.0139211479	297.27379123435037	632
87.0%	4350000	-235250.90606439742	300.99463439741123	632
87.2%	4360000	-235316.60105646285	299.7519182212023	632
87.4%	4370000	-235778.05346429977	299.85533610209734	632
87.6%	4380000	-235044.16727960738	301.91548949143754	632
87.8%	4390000	-235567.48360956344	297.8675849321824	632
88.0%	4400000	-235503.28698480758	304.68933621633835	632
88.2%	4410000	-236120.07841241988	299.1687757428581	632
88.4%	4420000	-234729.09225214156	301.89582367263944	632
88.6%	4430000	-235310.90212762984	300.4500798024938	632
88.8%	4440000	-235029.31997430953	301.8888843931874	632
89.0%	4450000	-234143.08949793014	296.7913613902374	632
89.2%	4460000	-235097.34594476852	299.683256084815	632
89.4%	4470000	-235857.67023981246	297.2047951292433	632
89.6%	4480000	-235999.2390874687	303.888311293908	632
89.8%	4490000	-235989.3154271904	301.64393756990376	632
90.0%	4500000	-235667.24072015914	297.4895368814539	632
90.2%	4510000	-235507.34647119674	299.9479852548524	632
90.4%	4520000	-235917.0850805107	297.0222592487344	632
90.6%	4530000	-235347.87476862106	305.10138554413885	632
90.8%	4540000	-235602.5087560478	303.70924514188465	632
91.0%	4550000	-235255.45196283492	298.49983343825653	632
91.2%	4560000	-234364.02303827438	303.6995175202999	632
91.4%	4570000	-235020.8027318779	300.3546030282604	632
91.6%	4580000	-235535.011563665	302.7428180418643	632
91.8%	4590000	-235211.05227411422	301.93689418774073	632
92.0%	4600000	-235680.9840978447	300.7307865810581	632
92.2%	4610000	-235294.43256128463	300.32864382872765	632
92.4%	4620000	-235178.33459222945	303.5542162745335	632
92.6%	4630000	-235411.99206293258	296.15782058038343	632
92.8%	4640000	-236158.80001581344	298.94255737890603	632
93.0%	4650000	-234875.68516290816	299.39038328059144	632
93.2%	4660000	-234913.29565179977	300.2779865614196	632
93.4%	4670000	-235114.95159662399	305.210646895006	632
93.6%	4680000	-234595.3590673271	300.7896967161564	632
93.8%	4690000	-234538.42892206344	306.12328967945564	632
94.0%	4700000	-235366.82262933883	298.9216319974073	632
94.2%	4710000	-235927.78844965133	302.42651838742546	632
94.4%	4720000	-235686.61649835738	299.9645322187081	632
94.6%	4730000	-235361.25114191207	300.17599129808616	632
94.8%	4740000	-235522.98257959518	301.6031897516334	632
95.0%	4750000	-234640.53484094772	299.487532935259	632
95.2%	4760000	-234930.11053217086	298.9440188985731	632
95.4%	4770000	-235322.8625692192	301.0757869633217	632
95.6%	4780000	-235606.4988759819	302.4385077456236	632
95.8%	4790000	-234672.98125208053	301.8233173595502	632
96.0%	4800000	-235594.23690546188	299.42862598253623	632
96.2%	4810000	-235414.48121393356	303.1456871311822	632
96.4%	4820000	-235695.6789830986	298.4805668455874	632
96.6%	4830000	-235774.8152898613	303.44517244838846	632
96.8%	4840000	-234885.20348871383	300.6649541986421	632
97.0%	4850000	-235518.33213556441	305.55345458659434	632
97.2%	4860000	-234698.1729940239	303.1072765124332	632
97.4%	4870000	-234450.23473871383	299.981143582738	632
97.6%	4880000	-235693.13989008102	303.09910056873406	632
97.8%	4890000	-235463.34000909957	299.0774778471723	632
98.0%	4900000	-235097.72866571578	296.2737488692687	632
98.2%	4910000	-234469.8713582817	299.05008572862545	632
98.4%	4920000	-234757.3307775322	299.6787034651118	632
98.6%	4930000	-235085.53343713912	300.21734069356836	632
98.8%	4940000	-235582.97337091598	302.0975616277303	632
99.0%	4950000	-235322.8931249443	297.5401063764964	632
99.2%	4960000	-236028.71806085738	294.25271057819845	632
99.4%	4970000	-235252.13854730758	302.4380085805299	633
99.6%	4980000	-235189.33569086227	300.4467813093919	633
99.8%	4990000	-234930.1276372734	302.31674520473405	634
100.0%	5000000	-236417.45336664352	298.91998352190996	634
