#"Progress (%)"	"Step"	"Potential Energy (kJ/mole)"	"Temperature (K)"	"Speed (ns/day)"
0.2%	10000	-257973.60304497718	302.7690848934721	0
0.4%	20000	-257871.3920922184	300.3062297767934	1.33e+03
0.6%	30000	-259048.23225640296	295.9016048422709	1.31e+03
0.8%	40000	-258766.68318413734	302.8041766742795	1.22e+03
1.0%	50000	-259068.42097710609	299.5690801435362	1e+03
1.2%	60000	-258365.60267876624	298.18245088434696	903
1.4%	70000	-259022.27272271155	301.30983803571553	846
1.6%	80000	-259165.71164940833	303.1329704781631	804
1.8%	90000	-258463.2316460514	303.5234685369216	777
2.0%	100000	-258666.52955864905	300.6529581865953	756
2.2%	110000	-258930.8313774967	302.64406251589133	742
2.4%	120000	-259180.27589653968	303.775252275775	731
2.6%	130000	-258195.39283989905	302.2309412050462	722
2.8%	140000	-259767.08680962562	302.52362470011445	714
3.0%	150000	-258886.12050103187	304.00187973131546	708
3.2%	160000	-258719.7970757389	297.51214593871345	703
3.4%	170000	-259470.2968010807	305.48497272905314	699
3.6%	180000	-259361.03512810706	299.92106800710155	694
3.8%	190000	-259585.51436089515	304.4109728433421	689
4.0%	200000	-258690.91392754554	304.32082100401146	686
4.2%	210000	-258801.82448052405	300.5543696748532	683
4.4%	220000	-258596.4944634342	303.2260859776762	680
4.6%	230000	-259247.51997612952	297.68770830945476	678
4.8%	240000	-258710.11201714515	303.99895746527756	676
5.0%	250000	-259071.43278740882	302.401698842253	674
5.2%	260000	-258593.1511406803	302.83317826306285	672
5.4%	270000	-259761.39381646155	301.45479460774436	671
5.6%	280000	-259380.52095269202	302.8288982639318	669
5.8%	290000	-259368.68571709632	299.8916011639737	667
6.0%	300000	-258914.5314507389	300.77848826236084	665
6.2%	310000	-258784.00886773109	300.92467140435235	664
6.4%	320000	-259434.56349419593	300.41358927863985	662
6.6%	330000	-259199.35823296546	299.03348542582756	661
6.8%	340000	-258218.48427056312	301.86446895084515	660
7.0%	350000	-259403.24617241859	298.8975178693088	659
7.2%	360000	-258942.31028985023	299.3306293387584	658
7.4%	370000	-259193.86201714515	295.3581456515565	658
7.6%	380000	-258368.47966240882	303.01532812918214	657
7.8%	390000	-258933.86744927405	298.71350351771787	656
8.0%	400000	-258533.60725640296	300.32748891112504	655
8.2%	410000	-259201.23933648109	303.80456256236636	654
8.4%	420000	-257922.09056328773	300.448936699136	654
8.6%	430000	-259722.3213372135	300.55400271861225	653
8.8%	440000	-259421.15065239905	300.7439084165899	652
9.0%	450000	-258653.27986382484	295.98839324744915	651
9.2%	460000	-259485.45717095374	298.40868387184884	651
9.4%	470000	-259342.69490288734	298.05851960435984	650
9.6%	480000	-258723.96719597816	298.915830218713	649
9.8%	490000	-259023.53526543616	299.4510886423236	649
10.0%	500000	-258670.95350884437	299.94559027765985	648
10.2%	510000	-259364.21705864905	299.91757654003214	648
10.4%	520000	-258979.44484185218	303.44445625162905	648
10.6%	530000	-259426.13038872718	301.2646457820208	647
10.8%	540000	-259465.36189507484	299.66352978357065	646
11.0%	550000	-259257.72377251624	301.49633335385437	646
11.2%	560000	-259333.85322808265	301.4695997797477	645
11.4%	570000	-258970.51033257484	300.3069821639291	644
11.6%	580000	-258622.87721489905	301.8451375227775	643
11.8%	590000	-258535.83156060218	298.00197936615905	643
12.0%	600000	-259163.65291069984	302.26054911506475	642
12.2%	610000	-259253.84907769202	297.72354409213096	642
12.4%	620000	-259224.6203179264	306.0144167376295	641
12.6%	630000	-259192.47416924476	301.9315340245987	641
12.8%	640000	-258918.1411003971	302.31072263564596	641
13.0%	650000	-259081.49818657874	300.8663123244365	641
13.2%	660000	-259316.4675469303	303.8095334255935	641
13.4%	670000	-259242.77046441077	296.6440999660104	640
13.6%	680000	-258996.96318291663	301.725845390667	640
13.8%	690000	-258905.76991509437	303.05781995128103	640
14.0%	700000	-258606.7814507389	299.77145442739845	639
14.2%	710000	-259305.93409966468	302.32098180221976	639
14.4%	720000	-259442.68571709632	300.55398642816556	639
14.6%	730000	-259310.37556694984	299.3263463056859	639
14.8%	740000	-259386.45186089515	303.73466454226764	638
15.0%	750000	-258648.62599419593	300.6502127214016	638
15.2%	760000	-258012.9929375553	299.79419064852516	638
15.4%	770000	-258908.09182976722	300.28112313300073	637
15.6%	780000	-259670.8976616764	301.3632320176803	637
15.8%	790000	-258831.7527031803	303.0724078327197	637
16.0%	800000	-258835.03236626624	302.2325756512688	637
16.2%	810000	-259517.59053277015	299.1759587088343	637
16.4%	820000	-258741.41241692542	302.4181586411864	637
16.6%	830000	-259632.72581719398	302.4552815301454	637
16.8%	840000	-259698.7384819889	304.1320097463835	637
17.0%	850000	-258693.64479302405	297.9043596102637	636
17.2%	860000	-258897.8080925846	301.2370244042284	636
17.4%	870000	-258292.8283257389	302.48973768329995	636
17.6%	880000	-257897.98054741859	302.1438865766956	636
17.8%	890000	-259156.7546563053	300.7038071011536	636
18.0%	900000	-259199.0470757389	297.79471858061453	635
18.2%	910000	-258933.80464409827	301.10865329501934	635
18.4%	920000	-258752.92976616859	300.0204288518579	635
18.6%	930000	-259127.65416192054	298.5948046245608	635
18.8%	940000	-259326.3181328678	300.5251759621774	635
19.0%	950000	-259296.83185051917	296.73931211603013	635
19.2%	960000	-259823.47065972327	304.54583718612497	635
19.4%	970000	-258255.38820122718	301.0102747857358	635
19.6%	980000	-258736.7658257389	300.0272134525597	635
19.8%	990000	-259599.58299492835	301.5170371246349	635
20.0%	1000000	-258787.6974663639	303.106706168167	635
20.2%	1010000	-259374.82820366859	299.94139048214157	635
20.4%	1020000	-258241.1892266178	301.6506066086881	635
20.6%	1030000	-259454.69539116859	301.22093388534256	635
20.8%	1040000	-258741.94789361	299.31657774126273	635
21.0%	1050000	-259061.10225152015	299.4970395786648	634
21.2%	1060000	-259405.02052544593	299.44679756639187	634
21.4%	1070000	-259215.52681206702	299.06057503231244	634
21.6%	1080000	-259101.41642998694	300.2574471434023	634
21.8%	1090000	-258578.32463311194	298.18271664368564	634
22.0%	1100000	-258503.72358941077	302.9050665859156	634
22.2%	1110000	-258891.18409966468	299.81141846958275	634
22.4%	1120000	-259051.20204400062	300.79647986893696	634
22.6%	1130000	-259851.61354302405	302.24391982710677	634
22.8%	1140000	-258379.08650444984	302.5700601981913	634
23.0%	1150000	-259423.6902031803	298.40586529816335	634
23.2%	1160000	-259341.9367241764	297.7457267313748	633
23.4%	1170000	-258210.460985651	302.74638417793886	633
23.6%	1180000	-258680.4309868717	300.5901674234913	633
23.8%	1190000	-259859.4689507389	303.18154590190755	633
24.0%	1200000	-258461.10396050452	299.4509815516491	633
24.2%	1210000	-259090.37181328773	299.87463932239876	633
24.4%	1220000	-259065.99820183753	301.03274478483286	633
24.6%	1230000	-259138.0250115299	301.8437692093853	633
24.8%	1240000	-259325.3800835514	297.79800989627466	633
25.0%	1250000	-259355.5222344303	296.36902568609673	633
25.2%	1260000	-259379.65138482093	298.9292150649052	633
25.4%	1270000	-258240.9263787174	301.5659036206641	633
25.6%	1280000	-258146.41847466468	302.0355741920739	633
25.8%	1290000	-258525.1468071842	297.9770830379483	633
26.0%	1300000	-259792.31598137855	302.71644619628114	633
26.2%	1310000	-258829.8411431217	303.63498395921016	633
26.4%	1320000	-259373.29074334144	299.5475447519984	633
26.6%	1330000	-258410.91958855628	300.0982733174617	633
26.8%	1340000	-258348.48543023109	299.7056343492201	633
27.0%	1350000	-258162.96342705726	301.7901141981484	633
27.2%	1360000	-259354.2101616764	301.391554162317	633
27.4%	1370000	-258705.99366997718	298.79919595672766	633
27.6%	1380000	-258785.38795708655	298.26823834010287	632
27.8%	1390000	-259098.49833916663	298.17493466669146	632
28.0%	1400000	-258646.10446404456	298.6453010067953	632
28.2%	1410000	-259592.54139946937	300.31744864088216	632
28.4%	1420000	-259441.8528923893	302.2029189338481	632
28.6%	1430000	-259548.6931481266	306.6018485259757	632
28.8%	1440000	-258537.39256524085	303.89375332190104	632
29.0%	1450000	-259024.85042046546	300.4722464956271	632
29.2%	1460000	-258684.72517632484	304.6454898454628	632
29.4%	1470000	-258714.9051842594	301.0951650397578	632
29.6%	1480000	-259270.3459038639	299.79580343156965	632
29.8%	1490000	-258816.8620781803	299.1594751822626	632
30.0%	1500000	-258157.37147759437	298.28194316372225	632
30.2%	1510000	-258361.0423149967	300.9060237143191	632
30.4%	1520000	-259567.13484429359	302.0314231747532	632
30.6%	1530000	-258727.15718316077	300.18618628609886	632
30.8%	1540000	-258627.78889702796	298.35217358806426	632
31.0%	1550000	-259541.83162163734	299.47489805336045	632
31.2%	1560000	-258497.9478630924	302.33509928754125	632
31.4%	1570000	-258666.0759453678	301.6347094753641	632
31.6%	1580000	-258649.64634942054	301.8193929472113	632
31.8%	1590000	-259209.52745293616	298.87430030888027	632
32.0%	1600000	-258358.39328240394	302.3947575427497	632
32.2%	1610000	-258932.85212944984	302.6375485422943	632
32.4%	1620000	-259217.7228569889	297.74620585151166	632
32.6%	1630000	-258597.5067620182	304.0267068351435	632
32.8%	1640000	-258908.40327691077	299.40741927489955	632
33.0%	1650000	-259429.4828820133	305.8981225001034	632
33.2%	1660000	-259102.02620171546	303.8025832845064	632
33.4%	1670000	-258533.70027398109	303.350019935976	632
33.6%	1680000	-258588.4332451725	301.22472033488566	632
33.8%	1690000	-259526.8371148014	296.3728471375962	632
34.0%	1700000	-259445.64897393226	299.76524739799146	632
34.2%	1710000	-258988.09083794593	300.01730307596034	632
34.4%	1720000	-259109.0775017643	297.01340237381373	632
34.6%	1730000	-258540.36842583655	299.40292651260734	632
34.8%	1740000	-258768.74760674476	299.704526016041	632
35.0%	1750000	-259447.49716423987	299.89380542922305	632
35.2%	1760000	-258845.1988701725	301.87523434119043	632
35.4%	1770000	-258746.8909478092	303.08922292152437	632
35.6%	1780000	-259366.86928032874	303.1006043737615	631
35.8%	1790000	-259277.32856987952	302.1264357745813	631
36.0%	1800000	-258467.98323296546	298.4564719874541	631
36.2%	1810000	-259102.0914177799	298.1081134350805	631
36.4%	1820000	-259108.50337456702	301.588911202805	631
36.6%	1830000	-258924.7327446842	299.72124953947304	631
36.8%	1840000	-259576.0652031803	301.0216782757135	631
37.0%	1850000	-258612.21986626624	301.5934888205265	631
37.2%	1860000	-259066.83833550452	301.6341944709121	631
37.4%	1870000	-258671.85197686194	304.62996572042397	631
37.6%	1880000	-259164.99273156165	298.8842020193673	631
37.8%	1890000	-258447.87135552405	294.83434373772667	631
38.0%	1900000	-258634.46138237952	303.1803875857117	631
38.2%	1910000	-258748.01460503577	300.2736556142712	631
38.4%	1920000	-258478.21882866859	298.8577451877036	631
38.6%	1930000	-258531.156588068	303.51337572641285	631
38.8%	1940000	-259066.88484429359	299.9314330376661	631
39.0%	1950000	-258724.96748589515	303.8428336764403	631
39.2%	1960000	-258447.00978325843	300.0609264961867	631
39.4%	1970000	-259434.76854180335	299.6371549790503	631
39.6%	1980000	-259009.7386040592	304.8605110367421	632
39.8%	1990000	-257965.68214653968	301.53863260669226	632
40.0%	2000000	-258450.21052788734	302.3080196705572	632
40.2%	2010000	-259225.39424370765	300.5351903910892	632
40.4%	2020000	-258627.49012993812	300.71789536666904	632
40.6%	2030000	-258410.26829766273	306.36296015644876	632
40.8%	2040000	-258757.41582726478	298.07866109928375	632
41.0%	2050000	-258186.91276787757	299.39392498981346	632
41.2%	2060000	-258774.86665581702	303.3770752850141	632
41.4%	2070000	-258673.96473931312	300.2545015852322	632
41.6%	2080000	-259043.04837273597	303.2801246130249	632
41.8%	2090000	-259441.27049492835	299.57696172275104	632
42.0%	2100000	-259353.92378472327	301.68812001630414	632
42.2%	2110000	-258997.0579399967	301.1947936477215	632
42.4%	2120000	-259214.9484429264	300.91507964161855	632
42.6%	2130000	-259353.16902398109	303.420168787989	632
42.8%	2140000	-259261.60725640296	300.51898544606007	632
43.0%	2150000	-258783.9739556217	300.92762697158634	632
43.2%	2160000	-258862.84865044593	302.7351307150376	632
43.4%	2170000	-259005.64540337562	300.17343984513747	632
43.6%	2180000	-258172.43681572913	300.769176338543	632
43.8%	2190000	-258405.10585259437	301.3701547491164	632
44.0%	2200000	-258583.73127984046	297.85399081851136	632
44.2%	2210000	-259416.63685845374	299.9719771471586	632
44.4%	2220000	-259552.66002892493	298.89200489945006	632
44.6%	2230000	-258941.9664482975	301.21504178217174	632
44.8%	2240000	-259089.73976372718	303.35615967602797	632
45.0%	2250000	-258517.34193657874	303.62486328615347	632
45.2%	2260000	-258945.13591240882	301.6386128486507	632
45.4%	2270000	-258117.77052544593	300.20031206612083	632
45.6%	2280000	-260031.13087700843	301.88763798295076	632
45.8%	2290000	-257426.57802056312	300.6236738200489	632
46.0%	2300000	-259850.72212456702	300.6481381616737	632
46.2%	2310000	-258668.6539482975	301.3170129550951	632
46.4%	2320000	-259413.41163872718	301.9134406464005	632
46.6%	2330000	-259318.1731743717	302.66273790435736	632
46.8%	2340000	-258230.0773491764	300.67456651658256	632
47.0%	2350000	-258999.11665581702	301.2565915298409	632
47.2%	2360000	-259064.96541069984	299.2481750211333	632
47.4%	2370000	-258882.25416802405	301.06503020663627	632
47.6%	2380000	-259587.98213433265	300.3384295257256	632
47.8%	2390000	-259583.14479302405	298.1104190662919	632
48.0%	2400000	-258540.88948296546	302.99812831767014	632
48.2%	2410000	-258723.6013359928	299.9068128697111	632
48.4%	2420000	-259114.90181206702	298.3072379246225	632
48.6%	2430000	-259576.16139458655	295.7379710095129	632
48.8%	2440000	-258947.30555962562	300.44002656315666	632
49.0%	2450000	-258480.72249077796	300.59000094516296	632
49.2%	2460000	-258443.51436089515	303.2276248896311	632
49.4%	2470000	-259687.80940484046	302.33507038361637	632
49.6%	2480000	-259030.41346978187	301.1406269662471	632
49.8%	2490000	-259830.4484429264	304.5436225215001	632
50.0%	2500000	-258873.1584038639	303.8227818765718	632
50.2%	2510000	-258312.7718377018	299.8337765562372	632
50.4%	2520000	-258682.25569390296	301.8674495802537	632
50.6%	2530000	-258863.02577446937	300.5050842238178	632
50.8%	2540000	-258914.7867607975	303.0196293569998	632
51.0%	2550000	-258861.47542046546	302.1965729353887	632
51.2%	2560000	-258859.83601616859	299.8275767764614	632
51.4%	2570000	-259606.09831475257	298.63984924448516	632
51.6%	2580000	-258618.5950798893	301.47374845242933	632
51.8%	2590000	-259329.027971735	299.55666711331054	632
52.0%	2600000	-259508.02049492835	303.49845078824103	632
52.2%	2610000	-259142.6652398014	301.7361381766103	632
52.4%	2620000	-258393.62819146155	300.1402781704539	632
52.6%	2630000	-259350.67335747718	296.7801001014069	632
52.8%	2640000	-259965.96040581702	302.1889078510733	632
53.0%	2650000	-259504.05729912757	301.85174643650447	632
53.2%	2660000	-258547.6423668766	301.32973110838833	632
53.4%	2670000	-259815.08680962562	298.2666501423466	632
53.6%	2680000	-258313.86873101234	300.94597020304377	632
53.8%	2690000	-258852.08662652015	299.71910317864155	632
54.0%	2700000	-259635.59175347327	301.3968106251186	632
54.2%	2710000	-259361.3118462467	300.71103509432015	632
54.4%	2720000	-258568.64802788734	302.8083635466213	632
54.6%	2730000	-258908.55616997718	298.4356530901479	632
54.8%	2740000	-259522.9329399967	298.31414237733827	632
55.0%	2750000	-259390.07890557288	302.030612944982	632
55.2%	2760000	-258749.55275200843	300.76248638267396	632
55.4%	2770000	-258818.10463189124	298.55559671977704	632
55.6%	2780000	-258610.47859429359	303.4317019834583	632
55.8%	2790000	-258482.48619317054	299.5510211173844	632
56.0%	2800000	-259598.3517632389	302.1146449869315	632
56.2%	2810000	-257754.1247734928	303.17294933384176	632
56.4%	2820000	-259629.8454766178	299.32389112147206	632
56.6%	2830000	-259318.64757012366	300.5054638236627	632
56.8%	2840000	-259255.24959038734	301.72195356578885	632
57.0%	2850000	-259372.12849663734	296.52938136340344	632
57.2%	2860000	-259960.73005913734	301.1926880046868	632
57.4%	2870000	-259243.73640679359	300.4361349041055	632
57.6%	2880000	-259430.59829949378	299.79200512383716	632
57.8%	2890000	-258460.38966607093	300.961907070776	632
58.0%	2900000	-258858.07087944984	300.329445689853	632
58.2%	2910000	-258533.64656304359	302.97830251346346	632
58.4%	2920000	-258325.87007378577	301.8713615725504	632
58.6%	2930000	-258871.0832085514	299.95439827187	632
58.8%	2940000	-259674.5310234928	300.7848575593857	632
59.0%	2950000	-259315.11531304359	300.4345740042503	632
59.2%	2960000	-259548.9397759342	303.5283852476641	632
59.4%	2970000	-259062.54011773109	300.06113069889074	632
59.6%	2980000	-259119.00642632484	301.75213516956836	632
59.8%	2990000	-258624.83357476234	298.87039809109484	632
60.0%	3000000	-259999.9397759342	298.99285367830095	632
60.2%	3010000	-258548.00740288734	302.5963215500568	632
60.4%	3020000	-259021.0325798893	303.36207238610314	632
60.6%	3030000	-258694.86531304359	302.12472662610105	632
60.8%	3040000	-258039.2146172428	303.6387524405611	632
61.0%	3050000	-259235.70286797523	300.75385504240063	632
61.2%	3060000	-258365.31404351234	298.3781834294559	632
61.4%	3070000	-258977.6663384342	304.90992779053613	632
61.6%	3080000	-258241.7489495182	301.9866135158978	632
61.8%	3090000	-259320.67161034583	297.7425145727316	632
62.0%	3100000	-259451.81276177405	303.8476804016519	632
62.2%	3110000	-258558.2669243717	303.34297651909753	632
62.4%	3120000	-259685.85682915687	301.65808272261177	632
62.6%	3130000	-259334.00248955726	302.2618978755495	632
62.8%	3140000	-259181.57472466468	300.52095285696157	632
63.0%	3150000	-259055.30635308265	298.77539501130263	632
63.2%	3160000	-258809.2751641178	303.1476648182278	632
63.4%	3170000	-258635.2884087467	301.9813032703138	632
63.6%	3180000	-259073.90425347327	299.2587283851982	632
63.8%	3190000	-259512.2027459049	297.0846330526045	632
64.0%	3200000	-259210.4192681217	301.5100044101129	632
64.2%	3210000	-258937.91408013343	301.86033145233944	632
64.4%	3220000	-259016.56135796546	299.0910742487575	632
64.6%	3230000	-258804.95759819984	297.18640489374644	632
64.8%	3240000	-258963.78630303382	302.16954998579547	632
65.0%	3250000	-259168.990572443	305.23180158480665	632
65.2%	3260000	-259196.50136040687	304.4967970312949	632
65.4%	3270000	-257706.25960015296	299.5792938039274	632
65.6%	3280000	-258705.79634331702	297.2574517764932	632
65.8%	3290000	-258689.5218377018	303.4565246036216	632
66.0%	3300000	-258758.88484429359	299.21872501769263	632
66.2%	3310000	-259690.7610649967	303.784159678285	632
66.4%	3320000	-258855.74696587562	298.67018229665473	632
66.6%	3330000	-258998.29905938148	299.1732969574954	632
66.8%	3340000	-258706.7747368717	299.8390897896732	632
67.0%	3350000	-258194.6891045475	297.8523623865113	632
67.2%	3360000	-258900.17482232093	304.5532438661923	632
67.4%	3370000	-258490.21681450843	299.42226485247363	632
67.6%	3380000	-259202.30511712073	302.2675337101086	632
67.8%	3390000	-259300.9685234928	300.3331620287645	632
68.0%	3400000	-259297.20515679359	302.81216813535525	632
68.2%	3410000	-258702.75468682288	302.11775502522414	632
68.4%	3420000	-258372.2375054264	297.137140263224	632
68.6%	3430000	-258723.40956353187	303.1575660797928	632
68.8%	3440000	-257993.96534966468	301.3596258209751	632
69.0%	3450000	-259226.60615777015	300.49174537140686	632
69.2%	3460000	-259072.69990777015	300.5535279243489	632
69.4%	3470000	-260000.16456841468	302.42286584067654	632
69.6%	3480000	-258627.54585503577	301.73104931947955	632
69.8%	3490000	-259369.14265679359	302.5984649670409	632
70.0%	3500000	-258387.82936333655	298.03960073046227	632
70.2%	3510000	-258366.07210015296	300.0088779768962	632
70.4%	3520000	-258595.41127251624	302.316341622552	632
70.6%	3530000	-259313.1765313053	300.45085095648557	632
70.8%	3540000	-259767.03987359046	302.23008109110987	632
71.0%	3550000	-259420.20845269202	299.4922845843598	632
71.2%	3560000	-259473.01826714515	303.6935786371376	632
71.4%	3570000	-259955.89677666663	296.63943592734375	632
71.6%	3580000	-260739.67824028968	298.65061019244257	632
71.8%	3590000	-259108.32269524573	300.3073112653464	632
72.0%	3600000	-258683.59718560218	301.94759686564026	632
72.2%	3610000	-259289.47191094398	299.3325227454245	632
72.4%	3620000	-258750.76362847327	297.2450377040492	632
72.6%	3630000	-259595.28120659827	300.8384564992998	632
72.8%	3640000	-258701.71199273109	302.70696694911044	632
73.0%	3650000	-259213.3186821842	300.84216240524773	632
73.2%	3660000	-258977.78944634437	302.21714984175077	632
73.4%	3670000	-259195.44136284827	302.7859965284327	632
73.6%	3680000	-259717.94380425452	299.5887691598277	632
73.8%	3690000	-259066.71443413734	299.3283010755931	632
74.0%	3700000	-259872.87428521155	302.6910626551006	632
74.2%	3710000	-259464.67018364905	299.42012343672906	632
74.4%	3720000	-259114.78523491859	302.8869441987321	632
74.6%	3730000	-259269.1175103092	303.1063842942871	632
74.8%	3740000	-259030.64274834632	300.84283080374	632
75.0%	3750000	-258825.37874077796	303.62048502467894	632
75.2%	3760000	-258735.6377434635	297.90160025321654	632
75.4%	3770000	-259262.86885308265	300.7532753305201	632
75.6%	3780000	-258574.07783745765	302.67341173560675	632
75.8%	3790000	-259014.14796685218	298.20619148700837	632
76.0%	3800000	-259625.6578545475	297.42278335016124	632
76.2%	3810000	-259003.01100396155	299.7945688267456	632
76.4%	3820000	-259022.4494194889	300.2505722444551	632
76.6%	3830000	-259616.44932793616	300.4735736910368	632
76.8%	3840000	-257979.0109276676	303.67780311072926	632
77.0%	3850000	-259129.21132134437	299.45287191385796	632
77.2%	3860000	-259307.55537652015	301.1042311594026	632
77.4%	3870000	-258746.26063775062	301.6608685405575	632
77.6%	3880000	-259539.78212212562	303.78048809136845	632
77.8%	3890000	-259176.42952202796	300.0369354132637	632
78.0%	3900000	-258435.00078057288	302.21153867489437	632
78.2%	3910000	-259084.05635308265	295.98047631867087	632
78.4%	3920000	-258959.43135308265	301.02407261122556	632
78.6%	3930000	-258439.35933159827	299.9785326326947	632
78.8%	3940000	-259024.1611962223	301.73067238582246	632
79.0%	3950000	-259425.17915581702	300.01494164384866	632
79.2%	3960000	-258974.35631035804	301.4756544629987	632
79.4%	3970000	-259843.06550835609	303.37797675176336	632
79.6%	3980000	-259564.02931450843	302.48163561033255	632
79.8%	3990000	-259634.8061394596	303.71904579848484	632
80.0%	4000000	-258711.00966118812	300.58154608816005	632
80.2%	4010000	-258414.35786675452	301.1687342631067	632
80.4%	4020000	-259114.7990288639	300.3870832062157	632
80.6%	4030000	-258912.78303765296	303.1455190206301	632
80.8%	4040000	-259392.6584038639	301.11236757930624	632
81.0%	4050000	-259492.4485649967	301.0225697002324	632
81.2%	4060000	-258394.78041314124	301.53625326294275	632
81.4%	4070000	-259391.91029595374	301.27717322594117	632
81.6%	4080000	-258771.57841729163	300.7060243585281	632
81.8%	4090000	-258424.8996148014	300.9900698170933	632
82.0%	4100000	-259188.75276421546	303.5593702708232	632
82.2%	4110000	-258981.61940239905	298.5292832438488	632
82.4%	4120000	-258529.16139458655	298.57114942037157	632
82.6%	4130000	-259239.39900444984	301.99619209831434	632
82.8%	4140000	-258441.8611016178	301.2247354801412	632
83.0%	4150000	-259706.27705620765	298.96390374216816	632
83.2%	4160000	-259033.61366509437	302.7894616412677	632
83.4%	4170000	-259432.14314507484	298.8006080830878	632
83.6%	4180000	-258738.90515374183	300.0965559542684	632
83.8%	4190000	-259317.65376519202	303.5327798187023	632
84.0%	4200000	-258348.56865166663	300.3611799553945	632
84.2%	4210000	-259216.92030571937	304.19460865897497	632
84.4%	4220000	-259008.07948540687	298.15549610248166	632
84.6%	4230000	-258485.67238091468	304.69540263716823	632
84.8%	4240000	-259002.58717583655	300.3306527212264	632
85.0%	4250000	-259894.48292778968	299.9493474500609	632
85.2%	4260000	-259232.9566826725	301.10187834961187	632
85.4%	4270000	-258663.7847771549	301.10346072062	632
85.6%	4280000	-259159.97334527015	305.478014958216	632
85.8%	4290000	-258331.05848931312	299.6577372084026	633
86.0%	4300000	-259073.1204552555	296.5925884122728	633
86.2%	4310000	-259319.5568413639	297.97131265657777	632
86.4%	4320000	-260148.19880913734	300.2029717964286	632
86.6%	4330000	-258921.70064019202	302.60788886454225	633
86.8%	4340000	-258188.28309868812	298.59215713313273	633
87.0%	4350000	-257996.0211357975	297.9231864973402	633
87.2%	4360000	-258800.8548149967	300.96186416430737	633
87.4%	4370000	-258714.89576958655	298.62622738662424	633
87.6%	4380000	-259089.0373101139	298.9052878795527	633
87.8%	4390000	-260085.87605523109	299.99868994660557	633
88.0%	4400000	-259442.98005913734	304.2586259996625	633
88.2%	4410000	-259206.27035759925	298.7368327412608	633
88.4%	4420000	-258761.5198540592	301.9740803903383	633
88.6%	4430000	-258868.1741509342	297.01000169515106	633
88.8%	4440000	-258188.44520806312	298.28897122222315	633
89.0%	4450000	-258501.4474663639	298.2065223903818	633
89.2%	4460000	-258610.9163689518	301.9076224804381	633
89.4%	4470000	-258299.04634331702	300.8730740445479	633
89.6%	4480000	-259480.03456353187	297.1953173431046	633
89.8%	4490000	-259352.40748833655	301.05879405355654	633
90.0%	4500000	-258889.76448296546	296.821114803464	633
90.2%	4510000	-258738.45418023109	303.2409940922934	633
90.4%	4520000	-259114.03419732093	301.46034867629015	633
90.6%	4530000	-259273.76143120765	300.34925025635727	633
90.8%	4540000	-258928.7589898014	302.2773559271309	633
91.0%	4550000	-259936.06654595374	302.3340993554172	633
91.2%	4560000	-258364.7077813053	303.7355194221601	633
91.4%	4570000	-259151.00581597327	304.17426919872514	633
91.6%	4580000	-259000.31164788245	302.71451582182465	633
91.8%	4590000	-259514.96724175452	299.48323421827934	633
92.0%	4600000	-259085.26396416663	301.73753066513893	633
92.2%	4610000	-259240.23265313148	301.9856159962237	633
92.4%	4620000	-259002.81196831702	298.39378239458733	633
92.6%	4630000	-258968.7619194889	300.23943207197345	633
92.8%	4640000	-259423.50477837562	300.2566283604386	633
93.0%	4650000	-258692.76075982093	302.43736349918186	633
93.2%	4660000	-259371.9132866764	300.59033246392084	633
93.4%	4670000	-258435.07393120765	301.18885564125657	633
93.6%	4680000	-259127.65452813148	301.79175008373204	633
93.8%	4690000	-258775.9055962467	300.08857810321626	633
94.0%	4700000	-258898.16981743812	303.399100018833	633
94.2%	4710000	-259087.1320366764	296.57789119519424	633
94.4%	4720000	-258938.29927300452	299.2391994486835	633
94.6%	4730000	-259473.7514519596	299.8410569874004	633
94.8%	4740000	-259744.90132378577	302.1366308369323	633
95.0%	4750000	-259495.2859063053	298.316251363695	633
95.2%	4760000	-259150.44850396155	301.8490982453612	633
95.4%	4770000	-259480.10634087562	302.7483696437471	633
95.6%	4780000	-259083.97523736	304.6509951751799	633
95.8%	4790000	-259191.59134148597	302.0255797048663	633
96.0%	4800000	-259299.79658745765	300.34473644468244	633
96.2%	4810000	-259647.25404595374	301.6592270010971	633
96.4%	4820000	-258747.72627495765	301.220557827299	633
96.6%	4830000	-258774.96278618812	297.85997645561093	633
96.8%	4840000	-259932.06276177405	300.7690996131878	633
97.0%	4850000	-259112.4838738346	299.88109257232685	633
97.2%	4860000	-258227.03164910316	300.5194213433554	633
97.4%	4870000	-258227.5678582096	303.5769665050089	633
97.6%	4880000	-258938.03846978187	295.7914729768949	633
97.8%	4890000	-259861.0385613346	301.7982286028622	633
98.0%	4900000	-258997.91514824866	304.68291861001063	633
98.2%	4910000	-259517.3723931217	300.60368070841434	633
98.4%	4920000	-259088.75093316077	300.3798705612712	633
98.6%	4930000	-259292.84901665687	301.17426087342176	633
98.8%	4940000	-258954.44807671546	302.58683969036764	633
99.0%	4950000	-258783.56862114905	299.4412346728687	633
99.2%	4960000	-259090.85402153968	300.1336385198863	633
99.4%	4970000	-259113.76057671546	302.6040567036576	633
99.6%	4980000	-258754.11415337562	298.2384349190419	633
99.8%	4990000	-258731.34218071937	297.98093864724876	633
100.0%	5000000	-259080.97349785804	302.13846749863393	633
